2.07567694347
2.52126009175
1.80143710597
1.81609368547
1.86296732337
1.80153134986
2.38325685783
1.78663961208
1.75159664207
1.75798501345
2.55998246314
1.88548140306
1.75323210511
2.84956757479
2.74537967336
2.02939677796
1.95144647816
2.965680659
2.85528384903
1.79515786118
2.43680470461
1.78596518227
1.79666703767
1.88840947255
1.84821703103
2.26107659373
1.81720133535
1.78738328237
2.17008024775
1.77075660753
1.79172568115
1.8240729488
1.94589840276
2.93585961422
1.9730134891
1.98016805554
2.95087854523
1.84393402604
2.07885412514
2.53455630559
1.85741650159
1.88471115766
1.78275390429
2.27499331218
1.86684411217
1.78182443933
1.7513368297
2.61106856439
2.72313939251
1.88792602588
1.94030143583
2.14253184488
1.75377216955
1.87549595811
2.07996017088
2.3213587652
2.44668060995
2.64948394339
2.89383813258
1.94843597316
1.76082231465
1.96974632402
1.84913884323
2.03336916059
1.97507378888
1.7719427205
1.84551751298
2.44928318039
1.98879178783
1.82051095378
1.76557540286
1.80248304532
1.75099329891
1.99486646772
1.81419495596
1.75092466313
1.99152991444
1.7860963067
2.28195074473
2.45588198275
1.75244991386
1.96129014351
1.8848302419
1.84413851488
1.82405479184
1.82467018066
1.82437765259
2.3945393284
1.75774366827
2.10588503842
2.9867299834
1.9039239385
1.90541509625
1.96117894312
1.90411044968
2.44583128788
1.84902014682
2.51098773822
1.88841555324
1.77882301513
1.991636644
2.55066565578
2.5642022624
2.73494937096
1.78113236917
1.850140095
1.8051612434
1.76876908192
1.75115161306
1.91592468803
1.80124131638
1.89308122631
2.67527311291
1.96191338139
1.78706362764
1.76611873377
2.78289657569
1.75421477724
2.60577173693
1.96982897281
2.93508189499
1.92423305731
2.07349110233
2.07002657359
1.7513074249
1.75991624161
2.7556643277
1.75157192246
1.80591877284
1.82710929939
1.89834225018
1.80738398595
1.80987632744
1.87026549625
2.72765985991
1.90865457121
1.76449375365
2.93659903339
2.96674910802
1.7509285423
2.51635921862
1.88433662726
2.6424173697
2.81548220191
2.59705052869
1.87556307878
2.38381691796
2.03047031851
2.4134241566
1.79253648803
1.9233970467
1.76285801306
1.8381530065
2.13992531816
2.95461227077
1.76811652768
1.88800323905
1.95221750275
2.40068723627
1.78201643772
1.78084388723
2.57297149366
2.87081251811
2.13865316517
1.93288536124
1.76709717207
1.95223075916
2.15625590331
2.09412258501
2.52517050437
2.00820678303
1.80618494202
1.75222495689
1.84921296011
1.86207678218
1.87382272446
1.75747080663
2.52431336788
2.17191041948
1.77478253439
1.95074475559
1.7554337017
1.98351603925
1.97812062012
1.76841344916
2.17094560227
1.94782069187
1.94486144912
1.83852286382
1.95873756793
2.25539121166
2.4540127356
1.95520464488
1.82547696155
1.75600784491
2.05020101543
1.86232431007
2.67046109217
1.79139133358
1.95497638121
2.94919312456
1.94883797834
1.97011511337
2.72956889533
2.69790093721
2.02295161799
1.76343479932
1.75213304633
1.95172487933
1.77114716984
2.72427643816
2.1644077443
1.9051410572
1.900014339
1.99297033658
1.77860066435
1.92593544171
1.75933795627
1.94641799979
1.99083113282
1.79600435813
2.40843858042
1.78170167779
1.7876228233
1.79431360764
1.83616196578
2.93324452291
1.7580943261
1.97459973416
2.60549604982
2.47903802785
1.92059682736
1.77147008749
2.99535559572
1.81035447694
2.12668579059
1.81147686388
2.45452977969
1.75272494446
1.83553687302
2.6177835114
1.9093380482
2.21207861442
2.6095066187
1.78904560679
1.7891106857
1.75497748558
1.75140456185
2.03948189748
2.77071592806
2.56602551525
1.76514228985
2.89022552268
2.45113557699
1.95615430052
1.75345433651
1.90492365536
1.86234234659
2.16839999793
1.92950530062
1.75108088562
2.88802039047
1.78513455822
1.94985405208
1.75314100634
2.42419009057
2.41055056392
1.86806012038
1.76173199493
2.10625103122
1.75988467513
1.83350673296
2.37200926867
2.05388254689
2.26440158126
1.83880056707
2.09159469442
2.26873489638
2.02538178198
1.94567263803
2.33325901431
2.71187695411
2.13073769719
2.39143584539
1.77407126598
1.89336031587
2.80107651539
1.98794599715
1.75293711659
1.78695484016
1.92020976224
1.75093054567
1.80052109857
1.80806049239
2.18059216162
1.84851808528
2.79726610399
1.88909838246
1.75749360582
1.80801745072
2.84849435201
1.8776115183
1.75102954869
2.13384941905
2.10293669069
2.36131228811
2.05250079547
1.75216231683
1.90944164704
1.91853069407
1.82306868044
2.25077441671
1.89676358953
1.81828574915
1.76280671748
2.3316518792
1.88988796352
1.82521431503
1.82038663909
2.04145719164
1.75422191617
2.8038362456
1.91189192765
1.86900465615
1.78125411141
1.84586260145
1.96570587586
2.43353328315
1.98869973264
2.83163736688
1.76060587754
1.75496774108
1.75341011907
2.16961903187
1.99693049395
1.83988054933
1.77112890687
1.79498984956
2.34983902469
1.76058488609
1.83224631529
2.5483079806
1.80124460432
1.75864934932
2.57642428421
1.75326784283
1.83479337753
1.75092419231
1.76980724766
1.98587929325
2.44696841234
1.7966046069
1.90406269845
1.87917739679
1.78461633599
2.86802716418
1.99330908863
1.85324944669
2.91432175938
1.9505347928
2.79866967487
1.8446427814
1.93872560076
2.0430184747
1.7920816004
2.81141153515
2.05235484245
1.86562555513
1.75096422909
1.77014090196
1.80092586785
1.75303169959
2.01729500191
1.75747996192
1.93892550718
2.61133290688
1.96194925525
1.98941139348
1.75208185873
1.76856195149
1.77121255111
1.79866835339
2.27383210926
1.76251678488
2.39022472207
1.89157233586
1.97632302482
1.8652716532
1.82287128517
2.44508908802
2.81849390191
1.78991557117
1.97903845595
1.96362584906
1.80411096515
2.41305785257
2.79676709566
2.93046453093
2.84622400839
1.81784783774
2.6341136956
2.26416457972
1.92830758346
2.57389650851
1.85199731714
2.01002589427
2.04334303374
1.76372281381
1.7703370862
1.75228025024
1.82629114939
2.03549745363
1.78492574925
1.75283733432
2.00483107566
1.78096858518
1.89812342466
2.38563282886
1.76597482823
1.77748511616
2.86056725833
1.99363700429
1.91055542247
2.19158779248
1.99184451477
2.98455908229
2.5325561943
1.81655508702
1.79544633847
1.85161128683
1.78736302377
1.94438556267
1.99069846979
1.75620780994
1.98990837087
1.76311562655
1.99235584264
1.80601945442
2.20371923865
1.79875823822
1.88130560376
1.79107915145
2.93055571615
2.95417850156
2.3753264297
1.80427344887
2.79822541903
2.61556549034
1.77025855422
1.91407529561
2.97229290824
1.87657835541
1.7510212659
1.75252689609
2.71279317541
2.68702143463
1.91032044995
1.80357901694
1.88696914824
2.9240326968
1.93667460539
1.90709782522
1.75804145953
1.88403749954
1.79697238493
1.78470202195
1.80991111065
1.8050217884
1.90133959634
1.96497597771
1.76213036108
1.83164964212
2.00377700202
2.93596106989
1.77842654637
2.84269149212
2.71273087342
1.81605841266
1.81622120636
2.36016492501
2.85052741121
2.49298295311
1.75329466421
2.81317889368
1.88602104886
1.76605075198
1.76757263447
2.95472595103
2.88978401307
2.80777106629
2.28403676059
1.75432917712
2.05655690874
1.77284347706
1.75678402614
1.93078692713
1.75663878166
1.76792335379
1.91158607785
2.20969380912
